0        | 5          | 3245110    | 5095       | 856        | 6421       | 1274052204 | 6748667951 | 7688       | 91610      | 1214       | 149625     | 885864     | 4814       | 507539036  | 719865     | 4493       | 4877       | 207112     | 1022649    | 2826969073 | 9521       | 379610578  | 1602       | 2117795212 | 227743261  | 397355     | 6725       | 3374       | 13503      | 370537014  | 158335598  | 8312       | 217395     | 9500       | 28216      | 5105720226 | 192320     | 815820     | 	type = INSERT
0        | 6          | 3263155    | 5096       | 843        | 6336       | 1269721867 | 6548005870 | 7658       | 62711      | 1214       | 443108     | 1045547    | 4815       | 507682984  | 748253     | 59747      | 4875       | 249434     | 1009963    | 2955433136 | 3465       | 505727733  | 1596       | 2090922845 | 227592578  | 346814     | 6726       | 3365       | 9180       | 381803505  | 158081733  | 8284       | 229243     | 9500       | 16922      | 5710583209 | 369537     | 841097     | 	type = INSERT
0        | 7          | 3224873    | 5095       | 874        | 6377       | 1268780637 | 6536723453 | 7651       | 79290      | 1213       | 177031     | 877690     | 4816       | 507608941  | 779315     | 61476      | 4879       | 214847     | 992994     | 2848965044 | 9849       | 577267448  | 1580       | 2090887061 | 227574763  | 85348      | 6725       | 3392       | 15703      | 371988489  | 158107838  | 8177       | 130698     | 9498       | 32917      | 5100280820 | 166125     | 844551     | 	type = INSERT
0        | 8          | 3256225    | 5085       | 848        | 6347       | 1268803619 | 6534914289 | 7685       | 46182      | 1215       | 286556     | 872465     | 4815       | 508260297  | 749140     | 37176      | 4879       | 310387     | 1045503    | 2826967928 | 12882      | 380521603  | 1582       | 2198399233 | 227832790  | 32935      | 6722       | 3365       | 7375       | 447786215  | 158073153  | 7954       | 255988     | 9497       | 42517      | 5100363738 | 312292     | 798755     | 	type = INSERT
0        | 9          | 3247664    | 5088       | 835        | 6352       | 1268838598 | 6545372225 | 7674       | 41676      | 1214       | 379653     | 861150     | 4816       | 507541689  | 758830     | 53868      | 4879       | 121312     | 1015868    | 2855314059 | 7850       | 379868473  | 1604       | 2348847763 | 235582981  | 11043      | 6727       | 3375       | 17844      | 370175429  | 158121767  | 8106       | 195782     | 9500       | 59414      | 5100309051 | 182091     | 818297     | 	type = INSERT
0        | 10         | 5201054    | 5096       | 861        | 6301       | 1268830103 | 6545571185 | 7664       | 57846      | 1217       | 96361      | 873664     | 4815       | 734004089  | 660954     | 48535      | 4875       | 225123     | 1045928    | 2826981181 | 20554      | 379819745  | 1587       | 2090879930 | 227572719  | 399606     | 6722       | 3391       | 13054      | 370211460  | 161207834  | 8126       | 16050      | 9499       | 55070      | 5100321309 | 372004     | 870406     | 	type = INSERT
0        | 11         | 3248534    | 5095       | 866        | 6423       | 1548749558 | 6534745315 | 7664       | 88803      | 1212       | 99076      | 870753     | 4816       | 570715735  | 679287     | 38478      | 4876       | 47495      | 993113     | 2826994168 | 11425      | 379597908  | 1607       | 2090918647 | 227603265  | 220557     | 6726       | 3405       | 11341      | 370715606  | 158126068  | 8288       | 33897      | 9500       | 58789      | 5116107824 | 183203     | 1265416    | 	type = INSERT
0        | 12         | 3568344    | 5094       | 831        | 6458       | 1269620879 | 6560346796 | 7662       | 26659      | 1216       | 466730     | 855015     | 4816       | 588019055  | 762510     | 28815      | 4877       | 387461     | 991204     | 2911428830 | 15908      | 380306739  | 1599       | 2090924248 | 227602445  | 25561      | 6726       | 3389       | 6617       | 370197370  | 158090154  | 8199       | 146255     | 9498       | 41991      | 5110820347 | 198495     | 822586     | 	type = INSERT
0        | 13         | 3272891    | 5086       | 871        | 6366       | 1673574543 | 6534986429 | 7665       | 73616      | 1213       | 372757     | 911095     | 4814       | 507522207  | 657104     | 8822       | 4877       | 356428     | 1098390    | 2827023009 | 20044      | 379944806  | 1583       | 2090922110 | 233896150  | 243333     | 6727       | 3385       | 9742       | 370226231  | 166251434  | 8105       | 294813     | 9497       | 36653      | 5100315689 | 140490     | 791712     | 	type = INSERT
0        | 14         | 3232253    | 5090       | 865        | 6340       | 1268779553 | 6536732132 | 7644       | 28745      | 1214       | 35837      | 979715     | 4816       | 507568978  | 720183     | 18510      | 4879       | 208505     | 1008131    | 2827031118 | 13003      | 416692448  | 1610       | 2090918930 | 230490937  | 146401     | 6727       | 3366       | 17120      | 370150241  | 158127713  | 7930       | 139050     | 9499       | 15897      | 5100748321 | 207584     | 847547     | 	type = INSERT
0        | 15         | 3341874    | 5091       | 847        | 6440       | 1278680460 | 7279219587 | 7641       | 68010      | 1211       | 198885     | 873350     | 4818       | 507804364  | 764417     | 49622      | 4876       | 118203     | 1026919    | 2847984717 | 9188       | 395220651  | 1606       | 2090900353 | 228658574  | 13155      | 6727       | 3381       | 8120       | 370156779  | 159389324  | 8136       | 165419     | 9499       | 34682      | 5997870283 | 104421     | 839212     | 	type = INSERT
0        | 16         | 4105466    | 5095       | 839        | 6388       | 1268827376 | 6563913710 | 7646       | 76462      | 1217       | 239457     | 853130     | 4816       | 507545071  | 702175     | 61856      | 4875       | 204631     | 997895     | 3330282148 | 9102       | 379603601  | 1594       | 2135992479 | 227671255  | 340104     | 6727       | 3394       | 16844      | 370149804  | 158138261  | 7967       | 294210     | 9501       | 76112      | 5110153583 | 394212     | 819991     | 	type = INSERT
0        | 17         | 3451220    | 5089       | 838        | 6321       | 1460676489 | 6534734622 | 7673       | 76927      | 1215       | 32459      | 888494     | 4816       | 555018664  | 656853     | 41992      | 4876       | 244522     | 984387     | 2919242571 | 13836      | 379649759  | 1603       | 2090860793 | 230608081  | 273106     | 6724       | 3380       | 9566       | 370210337  | 158115077  | 8153       | 240341     | 9501       | 67008      | 5100341980 | 204984     | 876578     | 	type = INSERT
0        | 18         | 3217795    | 5091       | 831        | 6427       | 1270600643 | 6534750194 | 7658       | 43141      | 1213       | 55305      | 894384     | 4815       | 507766871  | 673382     | 52971      | 4880       | 33649      | 1007770    | 2828949805 | 5330       | 379592870  | 1610       | 2091081711 | 227578942  | 93404      | 6725       | 3375       | 16247      | 370165148  | 158831257  | 8063       | 140215     | 9497       | 83652      | 5538603294 | 465519     | 840023     | 	type = INSERT
0        | 19         | 3246369    | 5093       | 844        | 6411       | 1352151089 | 8216667463 | 7670       | 84317      | 1214       | 394572     | 865486     | 4817       | 507574570  | 659475     | 38477      | 4879       | 82996      | 1033863    | 2850579060 | 19099      | 380017181  | 1582       | 2094270073 | 227582707  | 171705     | 6725       | 3397       | 10081      | 372891075  | 158126781  | 7879       | 309844     | 9499       | 78932      | 5100390712 | 42789      | 848651     | 	type = INSERT
0        | 20         | 3219364    | 5093       | 853        | 6391       | 1482701744 | 6534775030 | 7664       | 66572      | 1216       | 289404     | 855663     | 4817       | 507974976  | 722915     | 31543      | 4877       | 289686     | 1004330    | 2828014124 | 13457      | 400070006  | 1584       | 2090895147 | 227575132  | 328542     | 6724       | 3376       | 17674      | 370161226  | 158131659  | 8111       | 19826      | 9501       | 15599      | 5100279517 | 310593     | 798769     | 	type = INSERT
0        | 21         | 3442150    | 5085       | 871        | 6327       | 1465444001 | 6534957003 | 7641       | 81897      | 1215       | 206288     | 906340     | 4817       | 507525192  | 664552     | 4324       | 4880       | 198314     | 1004998    | 2890039881 | 8823       | 379620541  | 1609       | 2090953044 | 227598933  | 396871     | 6725       | 3405       | 6898       | 374512470  | 210532522  | 8043       | 80976      | 9498       | 51880      | 5100346153 | 419726     | 794755     | 	type = INSERT
0        | 22         | 3268904    | 5093       | 830        | 6376       | 1299363678 | 6534748694 | 7683       | 6244       | 1213       | 395142     | 873137     | 4815       | 511118180  | 682203     | 18933      | 4877       | 221277     | 989267     | 2826963121 | 1859       | 379607005  | 1582       | 2105457909 | 227550009  | 267138     | 6727       | 3378       | 12378      | 370195575  | 158102470  | 8224       | 100780     | 9501       | 43073      | 5100415250 | 318039     | 1290125    | 	type = INSERT
0        | 23         | 3225981    | 5092       | 868        | 6336       | 1640016941 | 6534745280 | 7644       | 29454      | 1215       | 129514     | 943324     | 4817       | 507556076  | 672726     | 24527      | 4880       | 62218      | 1008846    | 2848690505 | 9948       | 379644478  | 1604       | 2090914249 | 228060116  | 401517     | 6723       | 3376       | 6483       | 370530115  | 158177255  | 8141       | 226895     | 9501       | 72980      | 5100287623 | 442327     | 817306     | 	type = INSERT
0        | 24         | 3235201    | 5087       | 837        | 6453       | 1270580345 | 6534991480 | 7685       | 14260      | 1213       | 207922     | 910016     | 4819       | 507569787  | 663698     | 435        | 4880       | 230473     | 997947     | 2827140698 | 2312       | 592449641  | 1614       | 2090925741 | 227549866  | 160132     | 6727       | 3386       | 18473      | 370504154  | 158098155  | 8170       | 32220      | 9501       | 31915      | 5100300053 | 342261     | 823453     | 	type = INSERT
0        | 25         | 4053933    | 5091       | 853        | 6317       | 1268803808 | 8053077816 | 7679       | 12732      | 1212       | 282067     | 897952     | 4816       | 507912806  | 725241     | 61784      | 4880       | 249266     | 998866     | 2826962741 | 2286       | 379589832  | 1598       | 2228224485 | 235622983  | 195893     | 6727       | 3383       | 4653       | 374170570  | 158083371  | 8285       | 267054     | 9500       | 81857      | 9277816140 | 156229     | 812644     | 	type = INSERT
0        | 26         | 3225092    | 5091       | 838        | 6442       | 1268852771 | 6731382294 | 7663       | 35231      | 1212       | 150475     | 913952     | 4816       | 592200921  | 685292     | 7560       | 4877       | 227100     | 983170     | 2831026821 | 6241       | 379620588  | 1618       | 2091252512 | 227588894  | 274700     | 6723       | 3383       | 18142      | 390722071  | 158100472  | 8117       | 340837     | 9498       | 11664      | 5100340411 | 359369     | 848340     | 	type = INSERT
0        | 27         | 3344049    | 5090       | 840        | 6479       | 1268796629 | 6534753831 | 7656       | 27916      | 1212       | 25976      | 856927     | 4814       | 512763836  | 698747     | 9219       | 4879       | 234454     | 1022729    | 3072380522 | 12441      | 379621715  | 1618       | 2090873622 | 232936450  | 81692      | 6724       | 3375       | 13861      | 382133597  | 158821303  | 8163       | 288368     | 9501       | 72737      | 5100827685 | 178616     | 883739     | 	type = INSERT
0        | 28         | 3426164    | 5086       | 858        | 6302       | 1274098173 | 6535147189 | 7661       | 56928      | 1213       | 84803      | 867422     | 4815       | 507557980  | 696097     | 7405       | 4876       | 277677     | 989537     | 2826979663 | 20235      | 379627584  | 1580       | 2096240604 | 227593406  | 389212     | 6723       | 3404       | 4164       | 399638286  | 162578162  | 7952       | 217173     | 9499       | 10243      | 5100331651 | 337209     | 795773     | 	type = INSERT
0        | 29         | 3397264    | 5093       | 869        | 6429       | 1339051127 | 6534728936 | 7669       | 77220      | 1211       | 217686     | 877068     | 4818       | 507555349  | 725268     | 28001      | 4880       | 16208      | 1046912    | 2826966596 | 3205       | 460382440  | 1616       | 2090924010 | 249653158  | 370911     | 6722       | 3388       | 6484       | 370168562  | 158110668  | 8101       | 24472      | 9498       | 53283      | 5104435515 | 347592     | 794567     | 	type = INSERT
0        | 30         | 4050030    | 5085       | 850        | 6442       | 1322256570 | 6534744205 | 7684       | 56983      | 1217       | 52870      | 899583     | 4817       | 508374635  | 704026     | 49611      | 4878       | 129423     | 1046884    | 2827180546 | 19210      | 379627364  | 1581       | 2090916902 | 228256386  | 70905      | 6722       | 3378       | 10861      | 373035084  | 158129653  | 8203       | 76393      | 9499       | 21352      | 5107844132 | 153739     | 818729     | 	type = INSERT
0        | 31         | 3247781    | 5087       | 873        | 6481       | 1268813860 | 6534775373 | 7683       | 80201      | 1212       | 278227     | 1085530    | 4816       | 507548668  | 683056     | 49403      | 4877       | 86288      | 1001101    | 2826978814 | 15552      | 379686464  | 1585       | 2090899312 | 227570207  | 135435     | 6725       | 3380       | 3808       | 385134536  | 162428329  | 8113       | 109083     | 9500       | 18687      | 5101572932 | 10709      | 805217     | 	type = INSERT
0        | 32         | 3266190    | 5090       | 844        | 6303       | 1268840234 | 6534782159 | 7672       | 66271      | 1211       | 191259     | 893671     | 4817       | 507512253  | 704616     | 44087      | 4876       | 341525     | 1001478    | 2827655989 | 8348       | 379629122  | 1612       | 2090925412 | 227556572  | 55386      | 6722       | 3381       | 4032       | 392472409  | 158124129  | 8319       | 192411     | 9499       | 8243       | 5100795348 | 17686      | 1126529    | 	type = INSERT
0        | 33         | 3265660    | 5096       | 841        | 6305       | 1380722080 | 6579695365 | 7652       | 70085      | 1217       | 158598     | 890227     | 4819       | 507541501  | 785530     | 64611      | 4877       | 401359     | 1025344    | 2826974621 | 17516      | 379601601  | 1602       | 2090919330 | 228966840  | 400537     | 6725       | 3382       | 9490       | 370189871  | 209460859  | 8216       | 174750     | 9500       | 79685      | 5100565082 | 381849     | 802314     | 	type = INSERT
0        | 34         | 3223962    | 5096       | 872        | 6390       | 1317601152 | 6538432878 | 7649       | 77562      | 1217       | 298205     | 1167423    | 4815       | 507530985  | 693226     | 48599      | 4877       | 60567      | 1035154    | 3548420668 | 12902      | 379712785  | 1599       | 2107380209 | 227541354  | 202836     | 6726       | 3373       | 12600      | 373421107  | 159144234  | 8175       | 361559     | 9499       | 21670      | 5100283723 | 446435     | 835372     | 	type = INSERT
0        | 35         | 3253221    | 5095       | 844        | 6471       | 1355849593 | 7335891060 | 7669       | 38433      | 1215       | 485561     | 1066209    | 4816       | 507861954  | 675852     | 59757      | 4875       | 382004     | 1244844    | 2841492900 | 20882      | 408995828  | 1614       | 2091291278 | 227545723  | 168083     | 6726       | 3371       | 16570      | 500221992  | 158208710  | 8177       | 284333     | 9501       | 29551      | 5100274815 | 415900     | 788183     | 	type = INSERT
0        | 36         | 3262789    | 5085       | 874        | 6347       | 1268786801 | 6536750538 | 7658       | 26178      | 1213       | 345244     | 873045     | 4814       | 507513543  | 716246     | 45025      | 4876       | 220007     | 1039483    | 2837633959 | 18459      | 379915621  | 1590       | 2115149384 | 227652229  | 131874     | 6726       | 3392       | 5299       | 455665502  | 159913501  | 8074       | 302099     | 9497       | 20064      | 5101300360 | 125196     | 839684     | 	type = INSERT
0        | 37         | 3265308    | 5089       | 853        | 6356       | 1268974312 | 6534804229 | 7672       | 10769      | 1214       | 237274     | 903143     | 4814       | 526914231  | 715710     | 19717      | 4875       | 300275     | 993935     | 2827068886 | 6011       | 410556123  | 1596       | 2092761075 | 227567431  | 186678     | 6727       | 3365       | 7038       | 370190078  | 158097509  | 8126       | 77787      | 9500       | 17081      | 5107683941 | 255056     | 837420     | 	type = INSERT
0        | 38         | 3235980    | 5094       | 832        | 6384       | 1272801833 | 6534783169 | 7689       | 80988      | 1211       | 447495     | 855333     | 4818       | 507789625  | 753213     | 48548      | 4880       | 160070     | 1002639    | 2827215403 | 7945       | 379623332  | 1606       | 2090862222 | 228507814  | 269473     | 6727       | 3369       | 13315      | 400054529  | 158099602  | 7926       | 67136      | 9499       | 39545      | 5100315979 | 45480      | 794243     | 	type = INSERT
0        | 39         | 3269631    | 5093       | 830        | 6435       | 1268964838 | 6805274258 | 7648       | 6509       | 1213       | 178329     | 889126     | 4819       | 951123275  | 962309     | 49170      | 4880       | 68883      | 1021522    | 2849588340 | 21148      | 423158128  | 1592       | 2090905056 | 227573214  | 387120     | 6723       | 3404       | 10255      | 370171019  | 158220966  | 8225       | 269283     | 9499       | 15569      | 5336213492 | 324706     | 808624     | 	type = INSERT
0        | 40         | 3614240    | 5095       | 857        | 6431       | 1268817364 | 6537170474 | 7659       | 61901      | 1212       | 505508     | 917481     | 4814       | 507564341  | 700972     | 462        | 4879       | 320748     | 996415     | 2829830279 | 4983       | 405417039  | 1585       | 2090909917 | 228015734  | 82952      | 6727       | 3389       | 18367      | 370353306  | 158082968  | 8269       | 258974     | 9497       | 26707      | 5102852718 | 111361     | 811071     | 	type = INSERT
0        | 41         | 3227181    | 5095       | 850        | 6392       | 1269972229 | 7688219687 | 7668       | 32021      | 1216       | 377054     | 885507     | 4815       | 507554224  | 689132     | 27851      | 4877       | 184973     | 1008613    | 2826970581 | 11274      | 473490267  | 1618       | 2101897675 | 227742580  | 46712      | 6723       | 3376       | 12310      | 385255240  | 158085439  | 8141       | 132361     | 9497       | 8064       | 5100328467 | 131826     | 954277     | 	type = INSERT
0        | 42         | 5211430    | 5095       | 844        | 6334       | 1268782488 | 6537925533 | 7683       | 43793      | 1217       | 370020     | 896566     | 4818       | 571522893  | 658721     | 41202      | 4880       | 195617     | 1046632    | 3514877982 | 11189      | 380079161  | 1580       | 2090867932 | 227576307  | 64669      | 6724       | 3387       | 6879       | 370151857  | 158102844  | 7916       | 23575      | 9497       | 86117      | 5117460241 | 270746     | 994632     | 	type = INSERT
0        | 43         | 3256086    | 5085       | 833        | 6391       | 1279911811 | 6534746511 | 7669       | 68191      | 1214       | 374137     | 908957     | 4819       | 508185507  | 700070     | 48954      | 4879       | 136050     | 1000185    | 2838695824 | 5562       | 379601282  | 1612       | 2090982620 | 227577075  | 233291     | 6724       | 3388       | 12166      | 370181557  | 159240741  | 8028       | 95035      | 9499       | 73305      | 5121188603 | 146669     | 824188     | 	type = INSERT
0        | 44         | 5082112    | 5087       | 863        | 6414       | 1268839332 | 6534742587 | 7652       | 74999      | 1213       | 124933     | 878571     | 4819       | 507535794  | 824133     | 1110       | 4877       | 244884     | 1001626    | 2944454450 | 11127      | 379585838  | 1603       | 2091577535 | 227596379  | 350767     | 6727       | 3386       | 11103      | 370192915  | 158115524  | 8040       | 387680     | 9499       | 56723      | 5100304375 | 411030     | 804034     | 	type = INSERT
0        | 45         | 4134158    | 5085       | 838        | 6472       | 1269375499 | 6547508304 | 7649       | 83982      | 1217       | 218936     | 893208     | 4814       | 511215641  | 687008     | 24214      | 4875       | 23921      | 1002079    | 2932122808 | 11091      | 379624761  | 1599       | 2095415020 | 231384892  | 262820     | 6724       | 3396       | 17650      | 601940142  | 158085927  | 8029       | 293922     | 9501       | 49959      | 5100322624 | 408861     | 843324     | 	type = INSERT
0        | 46         | 3263469    | 5095       | 874        | 6368       | 1268967026 | 6534769562 | 7652       | 92965      | 1214       | 306962     | 933776     | 4819       | 507758535  | 753927     | 8217       | 4878       | 221372     | 985215     | 2827034078 | 19779      | 379589128  | 1596       | 2090873735 | 227547626  | 314738     | 6724       | 3376       | 16429      | 370150795  | 158317645  | 7950       | 143869     | 9500       | 8377       | 5108231772 | 350391     | 819344     | 	type = INSERT
0        | 47         | 3261766    | 5094       | 860        | 6352       | 1268840266 | 6534777872 | 7683       | 72864      | 1215       | 56246      | 912327     | 4819       | 507510814  | 666556     | 40835      | 4877       | 348292     | 987419     | 3883985470 | 18246      | 395984871  | 1599       | 2140149281 | 227553814  | 373129     | 6723       | 3383       | 16364      | 370150678  | 158102934  | 8045       | 12270      | 9501       | 86187      | 5342541805 | 344221     | 792090     | 	type = INSERT
0        | 48         | 3233418    | 5086       | 830        | 6336       | 1269081040 | 6534957691 | 7676       | 85290      | 1211       | 356068     | 868399     | 4816       | 507522911  | 671718     | 25784      | 4880       | 266277     | 1000252    | 2828733440 | 16069      | 379643848  | 1597       | 2091072479 | 227712004  | 207018     | 6722       | 3368       | 3495       | 391012043  | 158100780  | 8313       | 365789     | 9501       | 45145      | 5100285821 | 128179     | 838202     | 	type = INSERT
0        | 49         | 3519308    | 5089       | 835        | 6392       | 1268800777 | 6545885568 | 7652       | 36695      | 1216       | 236841     | 887226     | 4819       | 509188143  | 733279     | 3724       | 4877       | 161287     | 1283442    | 2827634198 | 16200      | 380772335  | 1614       | 2092042926 | 227726167  | 83067      | 6723       | 3370       | 11378      | 370254167  | 158113488  | 7966       | 47372      | 9498       | 15888      | 5100309618 | 391350     | 837477     | 	type = INSERT
0        | 50         | 3246110    | 5089       | 830        | 6322       | 1268837970 | 6534727997 | 7650       | 36497      | 1212       | 368326     | 867289     | 4817       | 507566859  | 706160     | 16563      | 4876       | 391823     | 1059749    | 3221256174 | 16714      | 379602577  | 1593       | 2090876111 | 227592253  | 152516     | 6726       | 3376       | 11205      | 564699728  | 158137388  | 8186       | 294021     | 9497       | 34351      | 5132666615 | 78397      | 790675     | 	type = INSERT
0        | 51         | 3229465    | 5094       | 860        | 6434       | 1268839851 | 6534784298 | 7660       | 17016      | 1212       | 26353      | 867409     | 4818       | 507559311  | 686879     | 8580       | 4877       | 317979     | 1020646    | 2826978253 | 9892       | 380173888  | 1585       | 2090913854 | 227573198  | 162027     | 6724       | 3394       | 8271       | 370353141  | 158114894  | 7885       | 302812     | 9501       | 55926      | 5100299066 | 105619     | 840779     | 	type = INSERT
0        | 52         | 4817006    | 5086       | 838        | 6469       | 1268909889 | 6534746992 | 7649       | 45748      | 1217       | 36607      | 871899     | 4819       | 507571236  | 681549     | 49091      | 4877       | 209014     | 1021067    | 2857512688 | 10576      | 379645537  | 1581       | 2095829710 | 227567307  | 65325      | 6722       | 3367       | 16515      | 371690446  | 159234493  | 8062       | 353741     | 9501       | 25361      | 5112217909 | 308474     | 848175     | 	type = INSERT
0        | 53         | 3251173    | 5086       | 831        | 6358       | 1268796320 | 7033902040 | 7652       | 93915      | 1217       | 498165     | 891489     | 4816       | 507521543  | 656578     | 41555      | 4877       | 345354     | 1034142    | 2826986558 | 22554      | 379602657  | 1590       | 2090906255 | 227579252  | 189859     | 6727       | 3370       | 7323       | 370203992  | 159018730  | 8122       | 357496     | 9498       | 67003      | 5100292818 | 40209      | 816850     | 	type = INSERT
0        | 54         | 3263476    | 5092       | 872        | 6367       | 1269199006 | 6534742695 | 7644       | 94069      | 1216       | 107913     | 875214     | 4817       | 510621788  | 691561     | 6157       | 4876       | 391608     | 1014760    | 2827537071 | 12140      | 379584619  | 1609       | 2090905348 | 227802973  | 397065     | 6723       | 3393       | 4320       | 370198318  | 158126995  | 7891       | 384926     | 9497       | 12056      | 5101497658 | 295579     | 796792     | 	type = INSERT
0        | 55         | 3237234    | 5097       | 851        | 6402       | 1268803682 | 6547682619 | 7690       | 55694      | 1215       | 153767     | 916994     | 4817       | 507521470  | 656504     | 2098       | 4875       | 230867     | 1009490    | 2826970211 | 14293      | 380630292  | 1592       | 2092214741 | 249703992  | 19650      | 6724       | 3403       | 10614      | 513280595  | 158135464  | 8281       | 312035     | 9497       | 66251      | 6903884549 | 74538      | 991169     | 	type = INSERT
0        | 56         | 3636202    | 5096       | 871        | 6358       | 1269636317 | 6832569710 | 7641       | 12471      | 1217       | 393006     | 882683     | 4816       | 507552734  | 658393     | 62378      | 4876       | 146629     | 1046096    | 2834355122 | 15905      | 456427090  | 1586       | 2090966919 | 227606373  | 313846     | 6726       | 3380       | 10784      | 370172713  | 158134783  | 8182       | 79148      | 9497       | 50048      | 5100315486 | 394240     | 849103     | 	type = INSERT
0        | 57         | 3257496    | 5097       | 843        | 6308       | 1268856447 | 6536188961 | 7682       | 82247      | 1217       | 250252     | 867016     | 4816       | 507522809  | 717611     | 9384       | 4879       | 186041     | 1027455    | 2826997777 | 8163       | 491800435  | 1596       | 2091077778 | 227551635  | 387839     | 6727       | 3385       | 4556       | 378152751  | 158088050  | 8304       | 235743     | 9497       | 74654      | 5100341882 | 155865     | 836669     | 	type = INSERT
0        | 58         | 3746698    | 5095       | 836        | 6420       | 1283997725 | 6534740054 | 7661       | 62682      | 1216       | 241216     | 852787     | 4816       | 514774083  | 688004     | 61871      | 4878       | 351075     | 1025391    | 2839721309 | 4190       | 379634043  | 1605       | 2092109624 | 227549333  | 273913     | 6725       | 3383       | 8454       | 370252461  | 158127024  | 7937       | 128139     | 9501       | 86268      | 5679088040 | 180310     | 876064     | 	type = INSERT
0        | 59         | 3215801    | 5092       | 871        | 6329       | 1269042935 | 6551391851 | 7664       | 37271      | 1213       | 46163      | 906685     | 4815       | 539315067  | 678718     | 2467       | 4877       | 145139     | 1017752    | 2877311772 | 16931      | 379935117  | 1616       | 2090893461 | 227545069  | 179525     | 6725       | 3374       | 7859       | 370164607  | 168898066  | 8253       | 351317     | 9500       | 12733      | 5549114327 | 222267     | 810727     | 	type = INSERT
0        | 60         | 3246750    | 5095       | 869        | 6378       | 1288624804 | 6534892646 | 7659       | 53207      | 1216       | 209370     | 903652     | 4816       | 507558747  | 692550     | 17168      | 4876       | 131561     | 1028765    | 2827020086 | 10320      | 580432287  | 1600       | 2090899110 | 228977012  | 27280      | 6723       | 3382       | 15965      | 370170247  | 158133246  | 8279       | 324214     | 9499       | 77495      | 5100395925 | 61209      | 825594     | 	type = INSERT
0        | 61         | 4183751    | 5091       | 839        | 6476       | 1477464523 | 6663720437 | 7691       | 17832      | 1214       | 479328     | 903562     | 4817       | 507958971  | 715156     | 37749      | 4876       | 56228      | 1019276    | 2953611584 | 22636      | 379727957  | 1617       | 2311599086 | 230467978  | 362823     | 6725       | 3381       | 10549      | 373491492  | 158340419  | 8113       | 129612     | 9499       | 20825      | 5100283889 | 167081     | 830733     | 	type = INSERT
0        | 62         | 3475143    | 5095       | 836        | 6318       | 1502657837 | 6535089167 | 7688       | 7385       | 1212       | 300388     | 872221     | 4816       | 949005328  | 675397     | 4727       | 4879       | 221459     | 1046316    | 2828495280 | 21337      | 379606570  | 1595       | 2090923051 | 262279020  | 100336     | 6726       | 3397       | 10536      | 370154596  | 158129472  | 7952       | 61167      | 9501       | 51254      | 5118360559 | 311623     | 840731     | 	type = INSERT
0        | 63         | 3269998    | 5086       | 832        | 6442       | 1268835404 | 6534743084 | 7685       | 17350      | 1212       | 319680     | 885526     | 4818       | 508892806  | 683597     | 63152      | 4877       | 359400     | 1001222    | 2827151871 | 11829      | 379621431  | 1606       | 2132568290 | 230161761  | 281013     | 6724       | 3376       | 4525       | 370229878  | 158172960  | 7984       | 210245     | 9499       | 48416      | 5100317784 | 449070     | 788114     | 	type = INSERT
0        | 64         | 3213615    | 5094       | 867        | 6461       | 1283504449 | 6658469432 | 7653       | 20972      | 1215       | 445895     | 912502     | 4818       | 513756945  | 720720     | 58991      | 4876       | 112411     | 1078788    | 2931874796 | 15558      | 383509130  | 1586       | 2095652542 | 227885340  | 94552      | 6722       | 3397       | 13940      | 370171026  | 223011628  | 8185       | 353025     | 9501       | 74515      | 8497716242 | 465489     | 811950     | 	type = INSERT
0        | 65         | 3269754    | 5097       | 870        | 6385       | 1268864840 | 6691025732 | 7663       | 15023      | 1216       | 238861     | 916728     | 4814       | 507894725  | 664530     | 52982      | 4876       | 302551     | 1006439    | 2827000836 | 1169       | 379622935  | 1593       | 2090924326 | 229714210  | 17006      | 6725       | 3393       | 3649       | 430599798  | 158088192  | 8060       | 191906     | 9499       | 48106      | 5100483766 | 209310     | 824005     | 	type = INSERT
0        | 66         | 3212484    | 5094       | 849        | 6463       | 1411421507 | 7367308372 | 7685       | 40976      | 1216       | 373442     | 979941     | 4817       | 521198462  | 716271     | 56294      | 4879       | 293358     | 1003931    | 2827125430 | 22581      | 379638810  | 1606       | 2139781849 | 227549595  | 17732      | 6722       | 3391       | 5006       | 385127847  | 158236882  | 8167       | 374719     | 9499       | 24887      | 5100311722 | 403324     | 795774     | 	type = INSERT
0        | 67         | 3320849    | 5087       | 843        | 6474       | 1268923667 | 6534972710 | 7689       | 12428      | 1213       | 277115     | 889306     | 4817       | 514422326  | 698180     | 25502      | 4879       | 43859      | 1023419    | 2941582425 | 9087       | 379613645  | 1596       | 2098008927 | 227604209  | 362687     | 6726       | 3385       | 4438       | 370175826  | 159729126  | 8064       | 88870      | 9498       | 60162      | 5195977054 | 466543     | 836708     | 	type = INSERT
0        | 68         | 3271127    | 5092       | 837        | 6383       | 1276030073 | 6534728558 | 7654       | 35453      | 1215       | 95625      | 901125     | 4816       | 521693728  | 684145     | 12838      | 4877       | 113549     | 1009200    | 3051937497 | 9085       | 379624694  | 1615       | 2091026025 | 227541948  | 9097       | 6722       | 3370       | 14745      | 370254301  | 158131593  | 8020       | 116566     | 9498       | 19324      | 5100313826 | 308050     | 879903     | 	type = INSERT
0        | 69         | 3254753    | 5095       | 844        | 6475       | 1268823050 | 6629099285 | 7660       | 81855      | 1213       | 96641      | 906526     | 4817       | 507557639  | 719371     | 24848      | 4880       | 105788     | 1001346    | 3331367002 | 11624      | 383576575  | 1600       | 2094497236 | 227542436  | 269754     | 6725       | 3372       | 3788       | 370665179  | 158074378  | 8337       | 252662     | 9501       | 16023      | 5144712044 | 461453     | 863966     | 	type = INSERT
0        | 70         | 3238334    | 5090       | 865        | 6403       | 1472255632 | 6535324994 | 7665       | 13349      | 1217       | 210275     | 913140     | 4818       | 507569990  | 699098     | 63417      | 4880       | 284764     | 1000142    | 3025207058 | 20901      | 394558208  | 1608       | 2481996859 | 227764345  | 173631     | 6727       | 3385       | 7322       | 370208845  | 158129467  | 8158       | 315457     | 9501       | 33634      | 5100289461 | 384257     | 829450     | 	type = INSERT
0        | 71         | 3447597    | 5095       | 867        | 6468       | 1468056706 | 6534727991 | 7641       | 71685      | 1216       | 274530     | 880149     | 4817       | 507565571  | 704738     | 48691      | 4880       | 322742     | 1040785    | 2827019855 | 9569       | 536879722  | 1593       | 2092335575 | 234907242  | 274492     | 6724       | 3375       | 15286      | 399108463  | 158074898  | 8320       | 306459     | 9499       | 62774      | 5100375810 | 359687     | 820510     | 	type = INSERT
0        | 72         | 3242935    | 5093       | 832        | 6377       | 1333709289 | 6534733275 | 7669       | 74408      | 1214       | 46247      | 866799     | 4817       | 510790987  | 679575     | 22025      | 4879       | 256876     | 1048460    | 2828479720 | 21936      | 468736882  | 1598       | 2090875120 | 227565455  | 333062     | 6722       | 3372       | 4921       | 391146625  | 158103956  | 8010       | 85436      | 9500       | 74320      | 5100313757 | 155934     | 842600     | 	type = INSERT
0        | 73         | 3415487    | 5091       | 842        | 6353       | 1268814635 | 6699358715 | 7689       | 30658      | 1213       | 385811     | 870427     | 4817       | 528820260  | 680017     | 4595       | 4879       | 2922       | 989396     | 2828250256 | 20364      | 379597779  | 1618       | 2091906537 | 227603030  | 165356     | 6726       | 3387       | 8456       | 383276766  | 158273319  | 7956       | 170061     | 9500       | 66353      | 5100316091 | 385898     | 812573     | 	type = INSERT
0        | 74         | 3245156    | 5096       | 863        | 6310       | 1284523173 | 6534789881 | 7678       | 58374      | 1217       | 410279     | 858071     | 4815       | 509104989  | 715874     | 8862       | 4876       | 342110     | 1032649    | 2827007192 | 21467      | 379622616  | 1585       | 2090886152 | 228533955  | 201908     | 6727       | 3373       | 18595      | 370223941  | 158321843  | 7897       | 27530      | 9498       | 44919      | 5104953608 | 225133     | 827272     | 	type = INSERT
0        | 75         | 3241294    | 5096       | 868        | 6377       | 1269763709 | 6534784820 | 7668       | 50589      | 1217       | 156333     | 892989     | 4817       | 507673183  | 716849     | 51302      | 4879       | 382634     | 1034341    | 2830581409 | 17238      | 379588481  | 1601       | 2090892495 | 227570390  | 236062     | 6724       | 3373       | 17799      | 373319374  | 158099935  | 8293       | 290604     | 9498       | 49916      | 5100289070 | 242734     | 811936     | 	type = INSERT
0        | 76         | 3216790    | 5093       | 834        | 6459       | 1269011475 | 6536238784 | 7666       | 39187      | 1212       | 406266     | 909731     | 4817       | 507619715  | 712409     | 3208       | 4875       | 286123     | 1069597    | 3314587958 | 13054      | 409950198  | 1591       | 2091283621 | 227561119  | 378060     | 6725       | 3389       | 4279       | 370178049  | 188033781  | 8015       | 116135     | 9497       | 67254      | 5100442144 | 62643      | 833620     | 	type = INSERT
0        | 77         | 3945696    | 5096       | 832        | 6458       | 1273301230 | 6534813240 | 7681       | 32221      | 1217       | 16893      | 862769     | 4819       | 507537622  | 683752     | 17382      | 4879       | 246363     | 999655     | 2831997470 | 22630      | 380381115  | 1599       | 2116044792 | 227577570  | 380218     | 6726       | 3372       | 4155       | 377036540  | 159753739  | 8048       | 305027     | 9497       | 75323      | 5115687427 | 211114     | 795867     | 	type = INSERT
0        | 78         | 4170543    | 5093       | 833        | 6387       | 1271291729 | 6534754615 | 7667       | 64307      | 1211       | 414748     | 900203     | 4816       | 510668884  | 699403     | 61182      | 4875       | 238261     | 986183     | 2826989758 | 7154       | 379589003  | 1585       | 2092959967 | 227549257  | 37039      | 6723       | 3376       | 7284       | 370207747  | 158087181  | 7922       | 210808     | 9498       | 84737      | 5102057554 | 453573     | 1288111    | 	type = INSERT
0        | 79         | 3261641    | 5091       | 854        | 6301       | 1268806886 | 6550656029 | 7670       | 70195      | 1212       | 125513     | 891967     | 4817       | 508012425  | 655805     | 43965      | 4876       | 172939     | 999150     | 2827021912 | 15310      | 379593613  | 1598       | 2406522948 | 227605332  | 137211     | 6725       | 3385       | 3554       | 370197909  | 158106657  | 7992       | 36557      | 9497       | 72219      | 5100329588 | 84426      | 795435     | 	type = INSERT
0        | 80         | 3218844    | 5097       | 831        | 6476       | 1268809916 | 8409608736 | 7673       | 36247      | 1212       | 437271     | 858619     | 4815       | 507537494  | 707510     | 31340      | 4879       | 64123      | 1028001    | 2827627627 | 8648       | 380055282  | 1618       | 2090872287 | 253856089  | 321713     | 6727       | 3383       | 6454       | 370489028  | 158109139  | 8290       | 296276     | 9499       | 32237      | 5100336059 | 233960     | 805100     | 	type = INSERT
0        | 81         | 3223761    | 5089       | 832        | 6460       | 1268783521 | 7352656233 | 7684       | 60867      | 1213       | 198889     | 898302     | 4819       | 514874715  | 701314     | 49099      | 4877       | 332632     | 1036369    | 2827002288 | 7449       | 379588085  | 1601       | 2118917084 | 227596942  | 215056     | 6724       | 3383       | 10572      | 370186610  | 158086964  | 8185       | 157754     | 9500       | 12871      | 5105063702 | 100787     | 827812     | 	type = INSERT
0        | 82         | 3231036    | 5088       | 833        | 6331       | 1270110494 | 6539917022 | 7684       | 69611      | 1216       | 476502     | 880617     | 4814       | 507562150  | 719949     | 46964      | 4877       | 210097     | 983262     | 2827414134 | 10359      | 379705829  | 1615       | 2090902028 | 229558436  | 168883     | 6722       | 3375       | 8645       | 377440798  | 158088377  | 8020       | 316391     | 9499       | 75197      | 5100278878 | 137585     | 917430     | 	type = INSERT
0        | 83         | 3222425    | 5097       | 864        | 6421       | 1269057863 | 6534881521 | 7641       | 49546      | 1212       | 42682      | 897191     | 4817       | 825278989  | 662991     | 32691      | 4878       | 145635     | 985296     | 2843180678 | 3029       | 379876713  | 1608       | 2098625947 | 236240695  | 62531      | 6726       | 3385       | 4417       | 370210443  | 158116560  | 8258       | 68657      | 9497       | 71171      | 9445588820 | 67009      | 830030     | 	type = INSERT
0        | 84         | 3317592    | 5086       | 871        | 6410       | 1322261075 | 6534732842 | 7671       | 52671      | 1214       | 320363     | 939778     | 4816       | 511166242  | 746587     | 28082      | 4878       | 277062     | 1043271    | 3542117197 | 11765      | 379882100  | 1607       | 2092869331 | 230746186  | 149988     | 6723       | 3366       | 7065       | 371805553  | 158118806  | 8045       | 271653     | 9500       | 63813      | 10435435134 | 93365      | 797342     | 	type = INSERT
0        | 85         | 3227645    | 5091       | 838        | 6399       | 1268858246 | 6534743240 | 7680       | 8019       | 1212       | 207099     | 858736     | 4814       | 507618896  | 674609     | 53918      | 4879       | 314134     | 1022584    | 2827020490 | 16939      | 379855511  | 1611       | 2093015025 | 279755890  | 48724      | 6725       | 3392       | 17342      | 375243099  | 158085063  | 8193       | 158496     | 9499       | 55158      | 5100328162 | 284172     | 804317     | 	type = INSERT
0        | 86         | 3213962    | 5092       | 851        | 6328       | 1268806943 | 6535439339 | 7673       | 44214      | 1216       | 462203     | 898976     | 4817       | 509026413  | 702375     | 29741      | 4879       | 226063     | 1013422    | 2965435269 | 22061      | 384818033  | 1612       | 2091715456 | 228686169  | 138253     | 6727       | 3392       | 10534      | 370162972  | 158074394  | 8258       | 287455     | 9499       | 36026      | 5100284303 | 211886     | 907233     | 	type = INSERT
0        | 87         | 3267558    | 5096       | 861        | 6323       | 1268782189 | 7986012631 | 7649       | 26403      | 1217       | 242447     | 865542     | 4819       | 752417835  | 684735     | 47062      | 4877       | 3117       | 991082     | 2827077698 | 5458       | 396756530  | 1581       | 2090864678 | 233455068  | 85425      | 6726       | 3376       | 4676       | 370959685  | 158112580  | 8264       | 312121     | 9498       | 17327      | 5100299102 | 171743     | 797572     | 	type = INSERT
0        | 88         | 3261509    | 5091       | 848        | 6366       | 1268819142 | 6535041005 | 7691       | 50970      | 1216       | 29383      | 902187     | 4816       | 746641575  | 780616     | 1773       | 4875       | 286965     | 1007178    | 2828577060 | 2115       | 379607162  | 1610       | 2121831833 | 257193141  | 89418      | 6726       | 3395       | 19231      | 370186450  | 161942115  | 8078       | 214317     | 9497       | 41299      | 5135799676 | 108589     | 835718     | 	type = INSERT
0        | 89         | 3243648    | 5090       | 845        | 6350       | 1268840514 | 6534897418 | 7665       | 82421      | 1213       | 143269     | 890069     | 4815       | 507865379  | 735514     | 48670      | 4879       | 229360     | 993948     | 2837217710 | 2256       | 379626189  | 1601       | 2106957286 | 228909884  | 125560     | 6727       | 3375       | 14606      | 370677538  | 158152477  | 8173       | 370908     | 9500       | 7817       | 5100876143 | 420840     | 939270     | 	type = INSERT
0        | 90         | 3240987    | 5086       | 863        | 6370       | 1269018146 | 6534777338 | 7656       | 26684      | 1217       | 71318      | 902789     | 4817       | 747656372  | 901973     | 5613       | 4877       | 304978     | 1011290    | 2826999841 | 19042      | 467430549  | 1586       | 2091829919 | 227605022  | 70798      | 6725       | 3382       | 18232      | 370231363  | 158080320  | 7969       | 42719      | 9501       | 32519      | 8120214759 | 284917     | 799918     | 	type = INSERT
0        | 91         | 3212409    | 5096       | 856        | 6373       | 1269052594 | 6548985858 | 7647       | 53109      | 1214       | 484851     | 984545     | 4816       | 1011900878 | 713376     | 20390      | 4878       | 156786     | 1085069    | 2827786097 | 6695       | 379598240  | 1583       | 2091405019 | 227554280  | 295791     | 6724       | 3398       | 10859      | 386983419  | 158079457  | 7921       | 147709     | 9499       | 20604      | 5100309648 | 77253      | 826503     | 	type = INSERT
0        | 92         | 3214881    | 5085       | 841        | 6406       | 1269032615 | 7000297483 | 7672       | 79684      | 1215       | 7406       | 853527     | 4818       | 1020266308 | 745691     | 34770      | 4877       | 242927     | 1019619    | 2830329274 | 16314      | 379588511  | 1585       | 2090905823 | 227550777  | 62145      | 6727       | 3396       | 9490       | 370283306  | 158405084  | 8197       | 27568      | 9500       | 59792      | 5121505372 | 61683      | 1085079    | 	type = INSERT
0        | 93         | 3592602    | 5085       | 862        | 6472       | 1301319847 | 6743449566 | 7678       | 91694      | 1215       | 481762     | 892693     | 4815       | 677953605  | 702044     | 17040      | 4878       | 180766     | 1032289    | 2953089939 | 22659      | 379590604  | 1593       | 2120352964 | 227543674  | 373759     | 6725       | 3384       | 13262      | 370795939  | 158102598  | 7951       | 172492     | 9499       | 27036      | 7071646284 | 207479     | 978713     | 	type = INSERT
0        | 94         | 3317807    | 5090       | 869        | 6414       | 1283502059 | 6535059957 | 7667       | 21268      | 1213       | 407873     | 871612     | 4814       | 509522106  | 666106     | 54352      | 4879       | 219838     | 1105530    | 2986385886 | 13048      | 379639031  | 1587       | 2102599924 | 227557346  | 268876     | 6723       | 3393       | 11698      | 370377327  | 158082838  | 7972       | 88392      | 9501       | 42064      | 5126788121 | 246428     | 804493     | 	type = INSERT
0        | 95         | 3270945    | 5086       | 855        | 6464       | 1281297998 | 6750766612 | 7661       | 65918      | 1217       | 426630     | 962157     | 4819       | 511227707  | 713848     | 37426      | 4878       | 67678      | 1023734    | 2828946350 | 17468      | 630751252  | 1617       | 2090920178 | 227648490  | 158643     | 6726       | 3367       | 7213       | 370482778  | 169591672  | 8149       | 227121     | 9497       | 85880      | 5190246411 | 446942     | 848800     | 	type = INSERT
0        | 96         | 3395349    | 5089       | 831        | 6478       | 1284038737 | 6546356615 | 7645       | 65267      | 1216       | 217610     | 870025     | 4814       | 508043502  | 695925     | 31096      | 4880       | 399512     | 1009331    | 3202363569 | 13502      | 379619667  | 1607       | 2143842354 | 227573717  | 183929     | 6727       | 3379       | 7719       | 370210220  | 158124827  | 8092       | 247773     | 9499       | 30031      | 5100285421 | 481052     | 1049442    | 	type = INSERT
0        | 97         | 3239115    | 5095       | 862        | 6462       | 1268815151 | 6534942188 | 7664       | 28845      | 1212       | 426369     | 862045     | 4817       | 511589749  | 662091     | 31556      | 4879       | 86468      | 996342     | 2894106331 | 15794      | 386962733  | 1604       | 2090916848 | 227592415  | 360278     | 6723       | 3388       | 16298      | 398399944  | 158137282  | 8300       | 312944     | 9499       | 43270      | 5100326229 | 175603     | 814731     | 	type = INSERT
0        | 98         | 3323797    | 5086       | 836        | 6442       | 1286096368 | 6534744904 | 7683       | 73585      | 1214       | 57527      | 863390     | 4817       | 752921550  | 712903     | 29369      | 4875       | 159437     | 1026303    | 2826969720 | 16737      | 392740312  | 1617       | 2228224479 | 251179678  | 369681     | 6727       | 3386       | 14136      | 370199632  | 158976453  | 8027       | 114101     | 9497       | 50651      | 5100337275 | 377171     | 894465     | 	type = INSERT
0        | 99         | 3216360    | 5092       | 830        | 6338       | 1315999123 | 7558171181 | 7666       | 71031      | 1213       | 299934     | 940575     | 4819       | 514678546  | 660185     | 54275      | 4877       | 805        | 987629     | 2827018730 | 6825       | 379856807  | 1607       | 2090913892 | 227601447  | 398391     | 6727       | 3369       | 18994      | 370203878  | 158111551  | 8088       | 70910      | 9499       | 71405      | 5146188099 | 385676     | 794785     | 	type = INSERT
0        | 100        | 3225591    | 5096       | 857        | 6453       | 1268815004 | 6536676016 | 7670       | 68239      | 1215       | 35722      | 913179     | 4818       | 507569177  | 698000     | 54870      | 4875       | 23422      | 1092194    | 2829861839 | 15695      | 379605032  | 1589       | 2092061327 | 227837741  | 376557     | 6724       | 3375       | 7761       | 374941228  | 158086582  | 7990       | 59914      | 9498       | 70631      | 5100289185 | 457503     | 827701     | 	type = INSERT
0        | 101        | 3215675    | 5086       | 866        | 6307       | 1268795528 | 6535248175 | 7686       | 22872      | 1214       | 260497     | 907408     | 4818       | 507530623  | 700917     | 15591      | 4878       | 14554      | 1127014    | 3447770452 | 5655       | 417909759  | 1599       | 2090904644 | 228049230  | 17018      | 6726       | 3368       | 11035      | 372787810  | 158095956  | 7984       | 293683     | 9498       | 75231      | 6085987876 | 33955      | 806525     | 	type = INSERT
0        | 102        | 3540870    | 5091       | 864        | 6425       | 1335934101 | 6545254626 | 7664       | 81437      | 1215       | 107874     | 917184     | 4814       | 507565907  | 685352     | 10698      | 4880       | 29468      | 1044747    | 2833774360 | 2693       | 379661384  | 1588       | 2119187232 | 227668073  | 335263     | 6724       | 3394       | 13253      | 421530679  | 158107279  | 8250       | 300576     | 9501       | 75381      | 5104333526 | 253790     | 796679     | 	type = INSERT
0        | 103        | 3413904    | 5088       | 837        | 6474       | 1350622085 | 6534755227 | 7653       | 24705      | 1214       | 204794     | 875843     | 4816       | 633117688  | 675767     | 44756      | 4879       | 101594     | 1020119    | 3285248767 | 20173      | 379598490  | 1589       | 2208873250 | 252760835  | 167587     | 6725       | 3390       | 18882      | 392429871  | 158130137  | 8108       | 364895     | 9501       | 75757      | 5105842183 | 401134     | 937294     | 	type = INSERT
0        | 104        | 3274677    | 5089       | 847        | 6419       | 1268813639 | 6703591730 | 7661       | 58883      | 1213       | 392121     | 912450     | 4815       | 507525547  | 788460     | 50787      | 4878       | 189119     | 1045056    | 2827001454 | 14669      | 380074326  | 1580       | 2090868652 | 229170311  | 349456     | 6724       | 3372       | 13163      | 370534428  | 158128119  | 8009       | 276189     | 9498       | 11363      | 5324728346 | 325645     | 807119     | 	type = INSERT
0        | 105        | 3223789    | 5093       | 848        | 6314       | 1369497366 | 6534762377 | 7671       | 59692      | 1216       | 355678     | 868705     | 4817       | 508402282  | 686625     | 43798      | 4875       | 312744     | 989934     | 2828265856 | 19778      | 379656155  | 1596       | 2114970194 | 229484883  | 80615      | 6722       | 3380       | 8410       | 370202351  | 159650734  | 8201       | 335083     | 9497       | 31535      | 5100303994 | 289777     | 850517     | 	type = INSERT
0        | 106        | 3265950    | 5091       | 848        | 6364       | 1268811308 | 6535938592 | 7681       | 31087      | 1213       | 300093     | 886875     | 4815       | 507553745  | 700180     | 56329      | 4879       | 85479      | 1027647    | 4445997709 | 9365       | 407033010  | 1610       | 2292207196 | 242657815  | 222281     | 6726       | 3399       | 16138      | 395865190  | 158194788  | 8093       | 335709     | 9498       | 44338      | 5100335425 | 75792      | 807311     | 	type = INSERT
0        | 107        | 3257914    | 5089       | 864        | 6467       | 1286614321 | 6534757532 | 7667       | 51580      | 1215       | 354113     | 863155     | 4819       | 507556635  | 698133     | 21467      | 4875       | 224497     | 1026455    | 2827013654 | 19420      | 379705184  | 1594       | 2090889559 | 227564271  | 196941     | 6723       | 3371       | 13912      | 370161913  | 158077213  | 8276       | 87756      | 9499       | 12069      | 5100275825 | 284471     | 791743     | 	type = INSERT
0        | 108        | 3252660    | 5096       | 870        | 6401       | 1487967133 | 6534752697 | 7662       | 55366      | 1211       | 439099     | 885533     | 4817       | 507575822  | 720662     | 15412      | 4875       | 198285     | 1069535    | 4160810084 | 20217      | 541624892  | 1591       | 2334143719 | 227621203  | 5263       | 6725       | 3366       | 9298       | 514345886  | 163069014  | 8166       | 360930     | 9498       | 81028      | 5100324100 | 248103     | 852638     | 	type = INSERT
0        | 109        | 3440539    | 5088       | 859        | 6360       | 1268806590 | 6536691893 | 7669       | 83992      | 1213       | 481009     | 924431     | 4815       | 507547973  | 697579     | 16114      | 4877       | 382317     | 1018666    | 2828322954 | 7232       | 508304800  | 1610       | 2090885034 | 227905949  | 100640     | 6722       | 3402       | 4478       | 370389791  | 164284359  | 8003       | 319806     | 9499       | 20163      | 6551550686 | 260150     | 812054     | 	type = INSERT
0        | 110        | 3901296    | 5090       | 853        | 6373       | 1270003015 | 6607359769 | 7672       | 24910      | 1216       | 493787     | 1007351    | 4814       | 508823779  | 670160     | 56630      | 4875       | 175148     | 1117303    | 2826992105 | 11955      | 393926665  | 1614       | 2092804253 | 240673267  | 116602     | 6727       | 3372       | 18917      | 370202146  | 158217423  | 7962       | 124331     | 9497       | 85863      | 5117111034 | 39866      | 808851     | 	type = INSERT
0        | 111        | 4041537    | 5095       | 844        | 6459       | 1269474727 | 6649041426 | 7667       | 72112      | 1213       | 66733      | 898000     | 4814       | 507568802  | 696384     | 3243       | 4878       | 108916     | 995800     | 2827649563 | 21118      | 521157349  | 1581       | 2090891372 | 228798993  | 246295     | 6722       | 3385       | 6117       | 370203862  | 158074890  | 8051       | 95400      | 9500       | 42134      | 11425286854 | 89370      | 821345     | 	type = INSERT
0        | 112        | 3315326    | 5087       | 831        | 6443       | 1271322188 | 6542492972 | 7691       | 27606      | 1212       | 35533      | 895438     | 4819       | 891335778  | 712353     | 35647      | 4880       | 41279      | 1077038    | 2844018486 | 3399       | 379682518  | 1597       | 2091222665 | 227617280  | 24350      | 6722       | 3403       | 11451      | 537961610  | 164823180  | 7945       | 378884     | 9499       | 65423      | 5100277303 | 137088     | 789787     | 	type = INSERT
0        | 113        | 3268224    | 5092       | 869        | 6304       | 1268827253 | 6534819550 | 7668       | 73904      | 1212       | 276556     | 914120     | 4816       | 507539374  | 746367     | 9788       | 4875       | 374608     | 1029556    | 3613409916 | 22272      | 379860255  | 1591       | 2090925311 | 227544344  | 137109     | 6724       | 3376       | 10237      | 370160707  | 158130129  | 8105       | 321114     | 9498       | 57398      | 5100305119 | 388720     | 833631     | 	type = INSERT
0        | 114        | 3238210    | 5092       | 855        | 6480       | 1268785740 | 6546746968 | 7657       | 87495      | 1213       | 240037     | 857700     | 4814       | 508062921  | 677178     | 25920      | 4876       | 121861     | 1096225    | 2826963920 | 7126       | 382481319  | 1608       | 2090880537 | 227557577  | 115818     | 6726       | 3395       | 14076      | 370274824  | 158897898  | 8252       | 54883      | 9500       | 25271      | 5100300330 | 447107     | 804957     | 	type = INSERT
0        | 115        | 3227882    | 5094       | 833        | 6473       | 1268794431 | 6833590916 | 7650       | 43991      | 1213       | 20574      | 883037     | 4819       | 508813283  | 697922     | 39319      | 4875       | 232497     | 1027230    | 2829219161 | 15518      | 379646913  | 1609       | 2090885413 | 227762357  | 331778     | 6726       | 3400       | 5493       | 404255623  | 158115588  | 8097       | 358772     | 9498       | 64050      | 5100289034 | 332996     | 847464     | 	type = INSERT
0        | 116        | 3244958    | 5090       | 873        | 6455       | 1268817131 | 6733975460 | 7676       | 22901      | 1212       | 192454     | 879680     | 4817       | 556723117  | 683945     | 23994      | 4878       | 375675     | 1057265    | 2830655895 | 7315       | 379602130  | 1591       | 2091013779 | 257590568  | 316724     | 6726       | 3375       | 7441       | 370185090  | 158106564  | 8267       | 339744     | 9500       | 28788      | 5101171062 | 370555     | 809233     | 	type = INSERT
0        | 117        | 3531009    | 5090       | 853        | 6388       | 1287987250 | 6543702683 | 7683       | 20519      | 1211       | 114004     | 913870     | 4816       | 508452477  | 696129     | 62704      | 4875       | 402908     | 1021882    | 3722509756 | 6389       | 379600197  | 1592       | 2090895599 | 229540334  | 76195      | 6726       | 3399       | 13923      | 370277880  | 170209008  | 8252       | 232062     | 9498       | 41235      | 5100383648 | 150754     | 1246969    | 	type = INSERT
0        | 118        | 3593748    | 5090       | 859        | 6435       | 1328333744 | 6534773883 | 7646       | 45791      | 1211       | 447799     | 903285     | 4819       | 509265477  | 670334     | 43210      | 4880       | 86889      | 996431     | 2829769653 | 11173      | 379829573  | 1580       | 2090904865 | 228582283  | 151038     | 6727       | 3369       | 18190      | 384834562  | 158128389  | 8040       | 290646     | 9500       | 10489      | 5997858621 | 247006     | 795873     | 	type = INSERT
0        | 119        | 3357629    | 5090       | 865        | 6474       | 1268873186 | 6534767098 | 7656       | 22201      | 1215       | 368550     | 879215     | 4819       | 507658887  | 851285     | 21166      | 4875       | 119131     | 1057130    | 2833934456 | 17691      | 434251252  | 1591       | 2092267140 | 227586798  | 249957     | 6724       | 3384       | 17068      | 370208078  | 158601419  | 7915       | 126075     | 9499       | 66138      | 5100295068 | 84340      | 795423     | 	type = INSERT
0        | 120        | 3232106    | 5086       | 847        | 6455       | 1268794390 | 6534767192 | 7682       | 77084      | 1211       | 238629     | 882997     | 4817       | 692116507  | 674186     | 35973      | 4880       | 173677     | 997375     | 2826991694 | 6524       | 388548627  | 1600       | 2090888207 | 227600044  | 197289     | 6722       | 3401       | 4652       | 370153995  | 158108013  | 8033       | 220969     | 9500       | 6601       | 5343078145 | 91306      | 1055723    | 	type = INSERT
0        | 121        | 3221029    | 5085       | 854        | 6459       | 1269155234 | 6534935890 | 7681       | 86494      | 1217       | 138362     | 898015     | 4814       | 508599001  | 715814     | 28029      | 4877       | 137353     | 1002540    | 2840691236 | 13439      | 379612928  | 1610       | 2090876931 | 227558529  | 213646     | 6724       | 3389       | 18052      | 370161339  | 158108565  | 8018       | 289205     | 9500       | 41699      | 5672859949 | 298846     | 923433     | 	type = INSERT
0        | 122        | 3212597    | 5088       | 872        | 6374       | 1315220959 | 6535443675 | 7691       | 59022      | 1215       | 55675      | 898899     | 4815       | 507526265  | 744025     | 10306      | 4880       | 140153     | 997166     | 2830645299 | 16678      | 463231633  | 1604       | 2090881053 | 227957865  | 52587      | 6726       | 3366       | 18739      | 377886758  | 158247473  | 7942       | 248810     | 9500       | 14317      | 5100482527 | 315747     | 795240     | 	type = INSERT
0        | 123        | 3215048    | 5087       | 870        | 6353       | 1268793561 | 6534756581 | 7672       | 35420      | 1214       | 110386     | 865271     | 4816       | 512808113  | 681572     | 51342      | 4879       | 266778     | 1030114    | 2827686372 | 16257      | 379630509  | 1583       | 2461027855 | 227588323  | 310316     | 6726       | 3371       | 11490      | 370156466  | 172469612  | 8108       | 190146     | 9498       | 68891      | 5102577949 | 177178     | 889036     | 	type = INSERT
0        | 124        | 3424342    | 5085       | 857        | 6472       | 1295062592 | 6534741408 | 7692       | 13651      | 1211       | 168226     | 856229     | 4816       | 508502187  | 670792     | 19996      | 4879       | 225184     | 1101797    | 2826978960 | 20557      | 379619726  | 1604       | 2191528188 | 235405381  | 46951      | 6726       | 3396       | 4119       | 376619424  | 158586617  | 7994       | 80124      | 9501       | 52634      | 5100337241 | 392082     | 824566     | 	type = INSERT
0        | 125        | 4124715    | 5091       | 853        | 6373       | 1414593699 | 6536070199 | 7692       | 45056      | 1212       | 323109     | 906328     | 4817       | 507523105  | 719389     | 31188      | 4876       | 42024      | 1017929    | 2836725025 | 21208      | 379915355  | 1584       | 2090975298 | 227922472  | 248206     | 6727       | 3379       | 18744      | 466637635  | 158651628  | 7893       | 180901     | 9501       | 40128      | 5100327968 | 378788     | 800995     | 	type = INSERT
0        | 126        | 3262084    | 5095       | 866        | 6422       | 1268808154 | 6534745580 | 7670       | 53399      | 1212       | 219623     | 884417     | 4815       | 508737068  | 717272     | 53335      | 4877       | 32326      | 1021265    | 2827023806 | 19108      | 381512333  | 1580       | 2090983233 | 227565851  | 343318     | 6727       | 3401       | 6486       | 403233112  | 160115154  | 7887       | 228940     | 9498       | 10561      | 6027217762 | 207299     | 851313     | 	type = INSERT
0        | 127        | 3255336    | 5097       | 857        | 6482       | 1268817289 | 6534739455 | 7682       | 92152      | 1214       | 40941      | 1000910    | 4819       | 507533702  | 659064     | 64789      | 4880       | 358152     | 1016948    | 2907237551 | 3735       | 379592485  | 1609       | 2096065845 | 227612399  | 253316     | 6727       | 3365       | 13365      | 370925299  | 158096681  | 7901       | 139854     | 9499       | 19915      | 5100286191 | 231572     | 786615     | 	type = INSERT
0        | 128        | 3256152    | 5090       | 840        | 6413       | 1268885942 | 6538067000 | 7661       | 88575      | 1214       | 388978     | 908798     | 4819       | 507557087  | 672877     | 39361      | 4876       | 115187     | 985696     | 2826979652 | 15241      | 379606195  | 1613       | 2090907855 | 241820422  | 149014     | 6724       | 3389       | 15979      | 405694955  | 170687311  | 8055       | 13797      | 9501       | 34824      | 5266004958 | 261088     | 790010     | 	type = INSERT
0        | 129        | 3261074    | 5085       | 872        | 6407       | 1268790898 | 6534887625 | 7685       | 72812      | 1212       | 328101     | 879647     | 4816       | 507529990  | 706248     | 62033      | 4880       | 51530      | 999538     | 2880728167 | 6868       | 379638734  | 1614       | 2092748853 | 235716264  | 383523     | 6723       | 3375       | 15592      | 476074736  | 161671374  | 8032       | 101466     | 9498       | 9317       | 5178687987 | 293855     | 793719     | 	type = INSERT
0        | 130        | 3244437    | 5085       | 861        | 6431       | 1268801665 | 6534946769 | 7691       | 50481      | 1212       | 393030     | 972426     | 4819       | 510741067  | 824092     | 48326      | 4877       | 394506     | 989957     | 2826998996 | 10972      | 380456953  | 1593       | 2099183322 | 253478824  | 263541     | 6727       | 3390       | 15928      | 370163407  | 158106230  | 7908       | 345647     | 9499       | 85735      | 5100393523 | 462438     | 796161     | 	type = INSERT
0        | 131        | 4269419    | 5089       | 872        | 6422       | 1501615867 | 6534763538 | 7688       | 26733      | 1215       | 54628      | 872145     | 4817       | 507557991  | 685961     | 31978      | 4877       | 222290     | 984164     | 2826974197 | 17371      | 379640983  | 1580       | 2090884108 | 237114167  | 204559     | 6724       | 3369       | 16356      | 494931143  | 163341916  | 8066       | 145673     | 9501       | 50207      | 5100459850 | 386787     | 801347     | 	type = INSERT
0        | 132        | 3311087    | 5089       | 852        | 6468       | 1268821448 | 6534767611 | 7683       | 59088      | 1214       | 101680     | 896703     | 4816       | 507568450  | 660070     | 55857      | 4880       | 204947     | 1024064    | 2826997595 | 9650       | 379877637  | 1597       | 2091079938 | 234930073  | 394752     | 6727       | 3378       | 15033      | 371139606  | 158090554  | 8257       | 120890     | 9499       | 14357      | 5100289402 | 224007     | 842750     | 	type = INSERT
0        | 133        | 3249501    | 5087       | 839        | 6307       | 1269233871 | 6535316617 | 7665       | 10591      | 1212       | 241355     | 897680     | 4814       | 507674389  | 693675     | 33460      | 4876       | 85270      | 1014711    | 3011549601 | 13046      | 428668659  | 1615       | 2090863271 | 227586933  | 86173      | 6726       | 3367       | 5738       | 370204995  | 158973744  | 8045       | 135023     | 9499       | 76713      | 5103207322 | 206944     | 825016     | 	type = INSERT
0        | 134        | 3235277    | 5090       | 846        | 6342       | 1268830296 | 6534728954 | 7684       | 44311      | 1212       | 251805     | 862966     | 4819       | 507565710  | 688250     | 62030      | 4879       | 70265      | 1094924    | 2827012530 | 3896       | 390082104  | 1592       | 2090916185 | 228236864  | 181970     | 6722       | 3376       | 16799      | 408178964  | 158110043  | 8292       | 212945     | 9501       | 24085      | 5100542757 | 402394     | 790047     | 	type = INSERT
0        | 135        | 3223008    | 5097       | 833        | 6385       | 1268839783 | 7002408039 | 7644       | 48903      | 1212       | 214866     | 867228     | 4814       | 554485751  | 684638     | 51471      | 4879       | 60934      | 1045067    | 2827000577 | 18881      | 379636251  | 1589       | 2090872024 | 227566664  | 38670      | 6725       | 3375       | 11591      | 370534229  | 158210852  | 8066       | 26670      | 9501       | 13909      | 5100357168 | 184837     | 788875     | 	type = INSERT
0        | 136        | 3341324    | 5091       | 871        | 6464       | 1268830637 | 6534786634 | 7667       | 56585      | 1214       | 477120     | 900122     | 4815       | 507518924  | 655923     | 36669      | 4880       | 262955     | 1149335    | 2827215641 | 10674      | 379588084  | 1602       | 2090896015 | 227542642  | 215730     | 6726       | 3382       | 14331      | 370291172  | 201481354  | 8285       | 193026     | 9497       | 6453       | 5101765363 | 204461     | 906771     | 	type = INSERT
0        | 137        | 3226208    | 5094       | 866        | 6392       | 1271739163 | 7881147199 | 7690       | 17345      | 1217       | 143854     | 908126     | 4819       | 510454278  | 672813     | 56749      | 4879       | 29897      | 1019416    | 2826983682 | 994        | 379646223  | 1607       | 2090901780 | 227821451  | 301366     | 6727       | 3395       | 9990       | 370206298  | 158096700  | 8097       | 332391     | 9500       | 38234      | 6647999323 | 401240     | 851948     | 	type = INSERT
0        | 138        | 3247343    | 5088       | 841        | 6456       | 1268862173 | 6538164974 | 7680       | 63874      | 1213       | 361784     | 860408     | 4814       | 507535621  | 681466     | 49071      | 4879       | 363137     | 1209509    | 2826987247 | 1787       | 508054392  | 1584       | 2259213078 | 227566622  | 144032     | 6723       | 3400       | 4219       | 370159998  | 158108366  | 8200       | 270127     | 9498       | 30187      | 5234496492 | 360502     | 839173     | 	type = INSERT
0        | 139        | 3228587    | 5095       | 859        | 6367       | 1268799583 | 6535608625 | 7668       | 63077      | 1215       | 460843     | 870302     | 4819       | 507536199  | 660717     | 7073       | 4877       | 108273     | 996492     | 2841935745 | 7665       | 379587559  | 1602       | 2091122909 | 231884557  | 65517      | 6724       | 3390       | 8385       | 370183379  | 169480441  | 8025       | 93523      | 9499       | 37978      | 5100333713 | 20627      | 828968     | 	type = INSERT
0        | 140        | 3235904    | 5089       | 835        | 6469       | 1269148197 | 6534736989 | 7661       | 23481      | 1217       | 450880     | 902733     | 4814       | 507540646  | 661606     | 63335      | 4876       | 64378      | 1002014    | 2827004420 | 5977       | 380258024  | 1591       | 2090889486 | 237489207  | 216525     | 6727       | 3389       | 7525       | 370164635  | 158370234  | 8170       | 185711     | 9500       | 41639      | 5101995637 | 10172      | 857352     | 	type = INSERT
0        | 141        | 3260322    | 5088       | 835        | 6334       | 1275245881 | 6543355159 | 7642       | 33780      | 1217       | 415988     | 910337     | 4817       | 507521077  | 714862     | 60569      | 4877       | 357299     | 1022272    | 2826974497 | 21139      | 435844727  | 1590       | 2114823233 | 227583045  | 277519     | 6723       | 3400       | 4580       | 622346606  | 158378461  | 8144       | 383838     | 9499       | 18281      | 5100289067 | 164958     | 844907     | 	type = INSERT
0        | 142        | 3218811    | 5091       | 860        | 6314       | 1268783545 | 6534764280 | 7667       | 11380      | 1217       | 420057     | 855852     | 4819       | 507557882  | 935967     | 29628      | 4876       | 39821      | 1045683    | 2827008776 | 17184      | 379612010  | 1597       | 2090917017 | 231070722  | 120304     | 6722       | 3367       | 4128       | 370169632  | 158104263  | 8180       | 200009     | 9497       | 34279      | 5100302364 | 384656     | 798101     | 	type = INSERT
0        | 143        | 3337577    | 5096       | 851        | 6427       | 1271550409 | 6534838940 | 7674       | 53499      | 1214       | 280984     | 904993     | 4818       | 507565970  | 703922     | 59940      | 4879       | 267966     | 1020481    | 2828058166 | 21415      | 379599248  | 1613       | 2090881969 | 256684395  | 362131     | 6722       | 3404       | 3679       | 371554201  | 158094156  | 8180       | 154875     | 9501       | 43195      | 5144488742 | 464491     | 956280     | 	type = INSERT
0        | 144        | 3230836    | 5090       | 835        | 6331       | 1349567749 | 6534765080 | 7642       | 83908      | 1214       | 298554     | 869532     | 4818       | 646982731  | 702456     | 11392      | 4877       | 142689     | 991227     | 2828227048 | 22505      | 380703666  | 1600       | 2094753066 | 227590602  | 62567      | 6722       | 3405       | 7843       | 370179897  | 163600300  | 8205       | 70555      | 9499       | 85667      | 5100285490 | 409853     | 795925     | 	type = INSERT
0        | 145        | 3236237    | 5087       | 867        | 6427       | 1268806762 | 6924825142 | 7667       | 69848      | 1211       | 327152     | 891872     | 4819       | 529672656  | 813361     | 9752       | 4879       | 93673      | 999694     | 2828591060 | 6267       | 379612729  | 1592       | 2218061393 | 227632275  | 270930     | 6723       | 3398       | 15021      | 448284952  | 158652890  | 7915       | 99939      | 9497       | 31592      | 5114694652 | 118470     | 790235     | 	type = INSERT
0        | 146        | 3341688    | 5095       | 858        | 6365       | 1268872755 | 6534786417 | 7645       | 86700      | 1212       | 451121     | 864479     | 4814       | 507641107  | 705640     | 27205      | 4877       | 240710     | 1038470    | 2833272742 | 10851      | 456153300  | 1615       | 2090897121 | 227781263  | 355572     | 6722       | 3395       | 18152      | 371059390  | 158277930  | 8301       | 140950     | 9500       | 37755      | 5100312379 | 225320     | 871083     | 	type = INSERT
0        | 147        | 3277717    | 5085       | 834        | 6331       | 1268847137 | 6562258368 | 7692       | 94476      | 1212       | 330219     | 1008650    | 4814       | 507573748  | 734520     | 17579      | 4879       | 51738      | 1065702    | 3718266556 | 9855       | 379597928  | 1580       | 2090893997 | 227924810  | 71466      | 6723       | 3387       | 8469       | 370192030  | 158252263  | 7885       | 92416      | 9498       | 54071      | 5107361143 | 147332     | 813668     | 	type = INSERT
0        | 148        | 3239120    | 5088       | 834        | 6381       | 1268961902 | 6534963323 | 7664       | 10371      | 1217       | 62817      | 879589     | 4818       | 507895332  | 669538     | 33693      | 4876       | 88316      | 1024450    | 3145787735 | 9389       | 379605222  | 1593       | 2090872447 | 227591434  | 165537     | 6724       | 3396       | 19155      | 377745582  | 158150841  | 8069       | 171158     | 9499       | 29699      | 5101002684 | 82006      | 803946     | 	type = INSERT
5803     | 5          | 3245110    | 5095       | 856        | 6421       | 1274052204 | 6748667951 | 7688       | 91610      | 1214       | 149625     | 885864     | 4814       | 507539036  | 719865     | 4493       | 4877       | 207112     | 1022649    | 2826969073 | 9521       | 379610578  | 1602       | 2117795212 | 227743261  | 397355     | 6725       | 3374       | 13503      | 370537014  | 158335598  | 8312       | 217395     | 9500       | 28216      | 5105720226 | 192320     | 815820     | 	type = DELETE
5803     | 5          | 3337151    | 5095       | 863        | 6377       | 1389690745 | 6534742853 | 7666       | 21852      | 1217       | 257388     | 895711     | 4814       | 507633851  | 713512     | 30261      | 4879       | 341134     | 1039086    | 2827205083 | 5918       | 379619162  | 1607       | 2092317662 | 257271272  | 242729     | 6726       | 3389       | 17785      | 370205531  | 158108918  | 8254       | 369485     | 9499       | 14447      | 9613392114 | 281762     | 992785     | 	type = INSERT
8614     | 51         | 3229465    | 5094       | 860        | 6434       | 1268839851 | 6534784298 | 7660       | 17016      | 1212       | 26353      | 867409     | 4818       | 507559311  | 686879     | 8580       | 4877       | 317979     | 1020646    | 2826978253 | 9892       | 380173888  | 1585       | 2090913854 | 227573198  | 162027     | 6724       | 3394       | 8271       | 370353141  | 158114894  | 7885       | 302812     | 9501       | 55926      | 5100299066 | 105619     | 840779     | 	type = DELETE
8614     | 51         | 3353147    | 5095       | 834        | 6345       | 1268826889 | 6534760129 | 7664       | 66073      | 1214       | 435958     | 854859     | 4814       | 507550020  | 762398     | 55877      | 4875       | 132178     | 1099515    | 2826964485 | 21446      | 380575044  | 1588       | 2090871219 | 227755717  | 84574      | 6725       | 3403       | 9015       | 370988900  | 158692321  | 7937       | 241563     | 9498       | 41707      | 5100289021 | 258706     | 939317     | 	type = INSERT
9420     | 58         | 3746698    | 5095       | 836        | 6420       | 1283997725 | 6534740054 | 7661       | 62682      | 1216       | 241216     | 852787     | 4816       | 514774083  | 688004     | 61871      | 4878       | 351075     | 1025391    | 2839721309 | 4190       | 379634043  | 1605       | 2092109624 | 227549333  | 273913     | 6725       | 3383       | 8454       | 370252461  | 158127024  | 7937       | 128139     | 9501       | 86268      | 5679088040 | 180310     | 876064     | 	type = DELETE
9420     | 58         | 3215843    | 5087       | 841        | 6425       | 1268790852 | 6539132500 | 7649       | 74089      | 1216       | 88694      | 1056996    | 4819       | 507559663  | 686992     | 62686      | 4877       | 142755     | 985285     | 2827894983 | 16307      | 379606558  | 1602       | 2090863585 | 227953981  | 306141     | 6726       | 3380       | 14022      | 370948064  | 183996445  | 8189       | 85851      | 9500       | 62690      | 6794806257 | 263981     | 959379     | 	type = INSERT
9595     | 133        | 3249501    | 5087       | 839        | 6307       | 1269233871 | 6535316617 | 7665       | 10591      | 1212       | 241355     | 897680     | 4814       | 507674389  | 693675     | 33460      | 4876       | 85270      | 1014711    | 3011549601 | 13046      | 428668659  | 1615       | 2090863271 | 227586933  | 86173      | 6726       | 3367       | 5738       | 370204995  | 158973744  | 8045       | 135023     | 9499       | 76713      | 5103207322 | 206944     | 825016     | 	type = DELETE
9595     | 133        | 3280333    | 5089       | 830        | 6477       | 1269432685 | 6534774825 | 7673       | 65446      | 1214       | 148091     | 869735     | 4818       | 507558379  | 712737     | 2638       | 4876       | 300392     | 992488     | 4731224084 | 13205      | 397494622  | 1617       | 2092071073 | 227546834  | 373793     | 6723       | 3386       | 4268       | 370202012  | 160611597  | 8232       | 147240     | 9501       | 75543      | 5100334438 | 306024     | 835521     | 	type = INSERT
